duration_s: 60
f_gw_hz: 200.0
fs_hz: 4096
gated_fraction: 0.0076904296875
h0: 3.46e-21
mjd: 59942
noise_std: 5e-23
seed: 123
snr_after: 7.992639590548629
snr_before: 70.00645697734741
t0_s: 30.0
tau_s: 0.3
threshold: 3.998009872088356e-22
threshold_sigma: 8.0
