PROJECT ASTRA — REAL/OPEN DATA VERIFICATION PROTOCOL
gps: 1448668818
detector: H1
duration_s: 64
fs_hz_target: 4096
mode: synthetic
dt_s: 0.000244140625
gate_k: 25.0
gate_threshold_energy: 1.1348950647828591e-45
tukey_alpha: 0.25
template_h0: 3.46e-21
template_f_hz: 200.0
template_tau_s: 0.3
score_ungated_proxy: 3.81788544312562
score_gated_proxy: 3.7882835837867694
score_ratio_ungated_over_gated: 1.0078140558076332
